3.763623906257113072e-01
3.727694249293626583e-01
3.691623393850616552e-01
3.654434665337172872e-01
3.614025852088310065e-01
3.573088533786479282e-01
3.532000377987666861e-01
3.489451914219994788e-01
3.445185048974134245e-01
3.401416431551693154e-01
3.357086890411184465e-01
3.310695356228695041e-01
3.264526718283198847e-01
3.219264302928837029e-01
3.173484324275397950e-01
3.125491986495191887e-01
3.078857137820941170e-01
3.033190581540843311e-01
2.987162179848067978e-01
2.939732677543661632e-01
2.894223843364537307e-01
2.849235178951110004e-01
2.803913580848159115e-01
2.758455924819354088e-01
2.715220156417288422e-01
2.672045210178151664e-01
2.628400822487450550e-01
2.585868562914557245e-01
2.545718341771134874e-01
2.505330304366944483e-01
2.464323782496170567e-01
2.425386278005439433e-01
2.388720237840797622e-01
2.351772556730656882e-01
2.314211910782003889e-01
2.279303995940268890e-01
2.246354546569677146e-01
2.213246217089565315e-01
2.179762126349683582e-01
2.149132045234535271e-01
2.120118820541743998e-01
2.091077915683644539e-01
2.062068054307520659e-01
2.035874968256201067e-01
2.010930523514118384e-01
1.986066633124235759e-01
1.961656695362653802e-01
1.939940295462180275e-01
1.919183112233321942e-01
1.898573951414606886e-01
1.878789924520542776e-01
1.861570722589122873e-01
1.845104960557828744e-01
1.828833210690534450e-01
1.813673894246357055e-01
1.800944193844858099e-01
1.788825477959673504e-01
1.776936797476068863e-01
1.766372175783499920e-01
1.758113074441510215e-01
1.750415703954572855e-01
1.742980281147601396e-01
1.737023125563554871e-01
1.733272272137270364e-01
1.730131478844102177e-01
1.727282358874607515e-01
1.726028823252789557e-01
1.726871586849232643e-01
1.728453768258871592e-01
1.730344218864376393e-01
1.733944272862623648e-01
1.739528923921591919e-01
1.746079651133652377e-01
1.752952863044976717e-01
1.761668739535620087e-01
1.772268276708925949e-01
1.784169858054130697e-01
1.796443639874382991e-01
1.810624544898087607e-01
1.826633997305469881e-01
1.844337978246232412e-01
1.862492889777092320e-01
1.882598879717231610e-01
1.904569007448014550e-01
1.928664703946481596e-01
1.953349735858100622e-01
1.979977676808459819e-01
2.008692478664784731e-01
2.039926382362194923e-01
2.071949501119894066e-01
2.105879863141229824e-01
2.142344079285214420e-01
2.181585674849998713e-01
2.221885480206817753e-01
2.264109454140346422e-01
2.309514286309727327e-01
2.357776599545338692e-01
2.407551698921069072e-01
2.459331004334267268e-01
2.515101427644582111e-01
2.573538078546566132e-01
2.634279198144316436e-01
2.697077249251300102e-01
2.764926733846513329e-01
2.834879505536291311e-01
2.908243310073813093e-01
2.983970358336555662e-01
3.065367625942239660e-01
3.148809536495476569e-01
3.236554645521369511e-01
3.327417573919809746e-01
3.423702461558218446e-01
3.523183459208167889e-01
3.627334330342350532e-01
3.735389276597266273e-01
3.848307622194879207e-01
3.966563472275335123e-01
4.089144933956303518e-01
4.216455711493481417e-01
4.348240429248684813e-01
4.488286467938295554e-01
4.630998167287725398e-01
4.779634134144147839e-01
4.933153751771648943e-01
5.096598015865057008e-01
5.262056940339302491e-01
5.433871584401578358e-01
5.612055825893744743e-01
5.799022305752928874e-01
5.990569762036934698e-01
6.187683724866041013e-01
6.391899984401894219e-01
6.603033386347800793e-01
6.823618215387868835e-01
7.046857967554143176e-01
7.277274135201401428e-01
7.514180323074171053e-01
7.764162334248932984e-01
8.014136825402393693e-01
8.270215390692122748e-01
8.534411775690923241e-01
8.809350065348668934e-01
9.087372220107873266e-01
9.369027160820311284e-01
9.657917985827403351e-01
9.953664142198838105e-01
1.025983906880188812e+00
1.056369402791464074e+00
1.087175327754460907e+00
1.118619931119550159e+00
1.151313942971453619e+00
1.183533226548420636e+00
1.215797955581987333e+00
1.248635757726840101e+00
1.282128911705416874e+00
1.315784163460934408e+00
1.348918742492714040e+00
1.381971760027296492e+00
1.415298812914559390e+00
1.449498554318051857e+00
1.482409879006913789e+00
1.514655152504878366e+00
1.547004164259861980e+00
1.579705822741496402e+00
1.611473190566317548e+00
1.642108326126008100e+00
1.671838180390363915e+00
1.701341317503339390e+00
1.730903959332937836e+00
1.758355661634166012e+00
1.784172361207537749e+00
1.809374114820257340e+00
1.834351370021016336e+00
1.857392633547534588e+00
1.878605882048373532e+00
1.897831262459173773e+00
1.916295768351423900e+00
1.933991236663436641e+00
1.948887749049124762e+00
1.961316606025465648e+00
1.972323836817232889e+00
1.982560977066843533e+00
1.990236718231084723e+00
1.995672889439814801e+00
1.998167028941578494e+00
1.999517947887666569e+00
1.999740427117963293e+00
1.997047662018289982e+00
1.991922837523536938e+00
1.984761818896249919e+00
1.976788439562201516e+00
1.966508459404970433e+00
1.954156880925743023e+00
1.938881654176755953e+00
1.922401525453178550e+00
1.905092642744626197e+00
1.885102794655532321e+00
1.863481471174253778e+00
1.839400065546641816e+00
1.814779066661437401e+00
1.788767814336541750e+00
1.760982308069768409e+00
1.731252287104743992e+00
1.700250226029412559e+00
1.669140466901164910e+00
1.636158247549026834e+00
1.602583960025633969e+00
1.567063803574052727e+00
1.531286428188273874e+00
1.495431531505714062e+00
1.458268323777344166e+00
1.420887452176621712e+00
1.382287374231991439e+00
1.344175918386184998e+00
1.305768759183580263e+00
1.267131590682816666e+00
1.228168170629052813e+00
1.189017245738942963e+00
1.150753111233418391e+00
1.112104573047134615e+00
1.074157255946861733e+00
1.035918546957054875e+00
9.982625793042405604e-01
9.615856946738589039e-01
9.248477224378125472e-01
8.892379862358263942e-01
8.536081239563368950e-01
8.190044182341621459e-01
7.852954854223160863e-01
7.520727366079722476e-01
7.199020240332850706e-01
6.881375157561813172e-01
6.575971767103602206e-01
6.277966375406783817e-01
5.989171632230556597e-01
5.709062420230391899e-01
5.436287039392045939e-01
5.175719281670083660e-01
4.921706914727157489e-01
4.678903936599088653e-01
4.443412761933797639e-01
4.216642048746560012e-01
4.000948745259658157e-01
3.791188448455780069e-01
3.592873067738069359e-01
3.400920932113934425e-01
3.217638230846266434e-01
3.043820378349578748e-01
2.875644067656338287e-01
2.717676067936884987e-01
2.565366045505777515e-01
2.420859358179945631e-01
2.284045277483661707e-01
2.152591959212970252e-01
2.029505113409139638e-01
1.911447516806730473e-01
1.799960172014042625e-01
1.694533531668312998e-01
1.593951630619673265e-01
1.499893130070406866e-01
1.410183053879372761e-01
1.325753504139594030e-01
1.245997359080462663e-01
1.170365906553942487e-01
1.099692852307691399e-01
1.032609635933832010e-01
9.696447045543381271e-02
9.102230442016771839e-02
8.541507265953372785e-02
8.017951212115900783e-02
7.522949568165848699e-02
7.059201340003272429e-02
6.622051869330571050e-02
6.211000403003189008e-02
5.827574179413477773e-02
5.466195438682110858e-02
5.128020113950983866e-02
4.809625037079699739e-02
4.510843624541926306e-02
4.232455967146189768e-02
3.970626193867899528e-02
3.725741666521788231e-02
3.495447757670510497e-02
3.279621890622536062e-02
3.078712127737033566e-02
2.889994329945300838e-02
2.713513567474455657e-02
2.547748822065932367e-02
2.392242030871948380e-02
2.247804053789468487e-02
2.112192121977503334e-02
1.985365945477244459e-02
1.866364466197313957e-02
1.754535485917224982e-02
1.650865158544400149e-02
1.553487166118762593e-02
1.462366868982834835e-02
1.376945886626214192e-02
1.296494674816917048e-02
1.222027368833742550e-02
1.152005005284519566e-02
1.086525412059414011e-02
1.025104689855706186e-02
9.671165756366385119e-03
9.135033230087605954e-03
8.630138729451331675e-03
8.158307719735883798e-03
7.715202995973935267e-03
7.296071711556675887e-03
6.908377902026922174e-03
6.542787352744174577e-03
6.201424774306480564e-03
5.880230185447128319e-03
5.575941800738289100e-03
5.293950718174184576e-03
5.027786543771660746e-03
4.779424200860396023e-03
4.545345909948690297e-03
4.323292484660999982e-03
4.117055634311005304e-03
3.922335528917696851e-03
3.740515260494035876e-03
3.568794633407628997e-03
3.406097036532688190e-03
3.253694184940645814e-03
3.110564336085751801e-03
2.976378077574219627e-03
2.849818257863180517e-03
2.729662806311573819e-03
2.616273095693963727e-03
2.510601951768273461e-03
2.410747068116163294e-03
2.316973215951017868e-03
2.227789779114318185e-03
2.143094950821652217e-03
2.064267736084887759e-03
1.989423292653727353e-03
1.919526989345997229e-03
1.853000379902616356e-03
1.789407845558598203e-03
1.730436773505838717e-03
1.674059017436537117e-03
1.621611720066557178e-03
1.571895282797831830e-03
1.524042413908359168e-03
1.479270592015068022e-03
1.436875821324672771e-03
1.397178181491904193e-03
1.359731332715156515e-03
1.323761607322015716e-03
1.289770090605762455e-03
1.258017445790595573e-03
1.227904332911156039e-03
1.199957716203126079e-03
1.173210471188702907e-03
1.147574359758677873e-03
1.124004476185254918e-03
1.101398841251877364e-03
1.080798893181839472e-03
1.061261702910592120e-03
1.042383323216787344e-03
1.025137102327571730e-03
1.008817591796752405e-03
9.938791523622255136e-04
9.801251694380658849e-04
9.669249039847721029e-04
9.546410197179101354e-04
9.435854030427917810e-04
9.331856883809813447e-04
9.241948112163491215e-04
9.157772494383977771e-04
9.077630581288573209e-04
9.010921422680653143e-04
8.947980641431639050e-04
8.897780730626655412e-04
8.855201292843335563e-04
8.815435329072298862e-04
8.784670196708993127e-04
8.761549829602643729e-04
8.745017050114973914e-04
8.739723106099805397e-04
8.738997746091783708e-04
8.741288672902544285e-04
8.755970544029662754e-04
8.772731130726707212e-04
8.802289704526460208e-04
8.838602560776597124e-04
8.877247164130520375e-04
8.925459906334137468e-04
8.980285083551486002e-04
9.042273417510689193e-04
9.115871064137273834e-04
9.194736549113998207e-04
9.276840544181993477e-04
9.372592499163318438e-04
9.470569117187955599e-04
9.583127833120057629e-04
9.703922614532833283e-04
9.828541829371123095e-04
